# Рядки, масивоподібні структури даних, модуль Random
# Лабораторна №3
### Ціль: Навчитись використовувати масивоподібні структури, заповнювати їх рандомними значеннями. Ознайомитись з функціоанлом рядків

Для першої програми створюємо два масиви. Перший - з рандомниим значеннями. Другий - результат.
Щоб задати рандомними значеннями використовуємо наступний код:
```python
    array = [0] * n
    
    for i in range(n):
        array[i] = random.randint(-60, 60)
```
Виводимо масив на екран. Потім зчитуємо діапазон [x, y] та у циклі до першого відємного 
числа перевіряємо чи входить елемент у діапазон. Якщо так, то записуємо у результуючий масив:
```python
    x = int(input())
    y = int(input())
    
    for i in array:
        if i >= 0:
            if x <= i <= y:
                new_array += [i]
        else:
            break
```
### Результат роботи програми <br>
> Enter the length of list <br>
> 20 <br>
> 15, -44, 50, -38, 36, -24, -45, 34, -7, -21, 59, 40, -48, -5, -51, 5, -36, -58, -25, -39 <br>
> Enter x and y <br>
> 10 <br>
> 20 <br>
> New Array <br>
> 15 <br>
> Length of New Array 1 <br>

Для другої програми створюємо двувимірний масив наступним чином:
```python
    import random
    
    print("N and M value")
    n = int(input())
    m = int(input())
    
    array = [0] * n
    for i in range(n):
        array[i] = [0] * m
    
    for i in range(n):
        for j in range(m):
            array[i][j] = random.uniform(-10, 10)
```

Пошук стовпця з мінімальним елементом матриці:
```python
    minimum = array[0][0]
    minimum_key = 0
    
    for i in range(n):
        for j in range(m):
            if minimum > array[i][j]:
                minimum = array[i][j]
                minimum_key = j
```
Заміна стовпця з мінімальним елементом матриці та з останнім виконана наступним чином:
```python
    for i in range(m):
        array[i][minimum_key], array[i][len(array) - 1] =\
            array[i][len(array) - 1], array[i][minimum_key]
```

### Результат роботи програми
> N and M value <br>
5 <br>
5 <br>
Default: <br>
-0.38740671925715375 -9.346187042725502 8.834138020085664 -1.1418803673543785 0.30060858612375796  <br>
-6.341397843530805 -0.4349669494894659 5.913669556725679 5.915754700315485 -2.2683965118576648  <br>
3.557143746449789 4.273883400857274 7.672044628295506 -0.6804351360474712 -6.474869238477162  <br>
-7.5205251064897 3.570373430677403 4.418724511438224 5.868768472966472 -5.292618295780304  <br>
-9.468241336033394 0.1963281784383497 5.5654151202510995 9.845111468258509 -7.769269425140031  <br>
MinElem: -9.468241336033394 Column 0 <br>
Replaced: <br>
0.30060858612375796 -9.346187042725502 8.834138020085664 -1.1418803673543785 -0.38740671925715375  <br>
-2.2683965118576648 -0.4349669494894659 5.913669556725679 5.915754700315485 -6.341397843530805  <br>
-6.474869238477162 4.273883400857274 7.672044628295506 -0.6804351360474712 3.557143746449789  <br>
-5.292618295780304 3.570373430677403 4.418724511438224 5.868768472966472 -7.5205251064897  <br>
> -7.769269425140031 0.1963281784383497 5.5654151202510995 9.845111468258509 -9.468241336033394  <br>

Для третьої програми потрібно запросити речення у користувача, 
після чого обробити двома методами, щоб позбутися зайвих пробілів зліва та справа речення. 
Та щоб замінити символ "-" на " "
```python
    sentence = input()
    
    sentence = sentence.strip()
    sentence = sentence.replace("-", " ")
```
Потім перевірка, якщо в реченні більше десяти слів то завершаємо програму. Перевірка відбувається 
за допомгою підрахунку пробілів у речення. Інакше якщо речення підходить під кількість слів, то відбувається наступний код:
```python
    array = sentence.split()
    result = ""

    for i in array:
        if sentence.count(i) == 1:
            result += i + " "

    result = result.strip()
    print(result)
```
- У масив записуємо всі слова речення
- Проходимось по цьому масиву з перевіркою, чи одне це слово у реченні, 
  якщо так то записуємо слово у результат
  
### Результат роботи програми
>               hello world-hello how are you, world? (Те що ввели)
> hello world hello how are you, world? <br>
> how are you, world? <br>